[gd_scene load_steps=7 format=2]

[ext_resource path="res://Models/humanoid_base.tscn" type="PackedScene" id=1]
[ext_resource path="res://Audio/grady.wav" type="AudioStream" id=2]
[ext_resource path="res://NPCs/NPC.gd" type="Script" id=3]
[ext_resource path="res://NPCs/Actions/Greet_Player.gd" type="Script" id=4]

[sub_resource type="CapsuleShape3D" id=1]
radius = 0.5
height = 0.8

[sub_resource type="CylinderShape3D" id=2]
radius = 1.06343
height = 1.0

[node name="NPC" type="CharacterBody3D"]
collision_layer = 4
collision_mask = 62
script = ExtResource( 3 )

[node name="CollisionShape3D" type="CollisionShape3D" parent="."]
transform = Transform3D( 1, 0, 0, 0, -4.37114e-08, -1, 0, 1, -4.37114e-08, 0, 0.9, 0 )
shape = SubResource( 1 )

[node name="Body" parent="." instance=ExtResource( 1 )]

[node name="Head" parent="Body" index="1"]
transform = Transform3D( 0.996195, 0, -0.0871557, 0, 1, 0, 0.0871557, 0, 0.996195, 0, 1.595, 0 )

[node name="ArmRight" parent="Body" index="3"]
transform = Transform3D( 0.999999, 0, 0, 0, 0.996194, 0.0871557, 0, -0.0871557, 0.996194, 0.225, 1.26, 0 )

[node name="ArmLeft" parent="Body" index="4"]
transform = Transform3D( 1, 0, 0, 0, 0.996193, -0.0871557, 0, 0.0871556, 0.996194, -0.225, 1.26, 0 )

[node name="Area3D" type="Area3D" parent="."]
transform = Transform3D( 1, 0, 0, 0, 1, 0, 0, 0, 1, 0, 0.5, 0 )
collision_layer = 4
collision_mask = 63

[node name="CollisionShape3D" type="CollisionShape3D" parent="Area3D"]
transform = Transform3D( 1, 0, 0, 0, 1, 0, 0, 0, 1, 0, 0.5, 0 )
shape = SubResource( 2 )

[node name="Actions" type="Node3D" parent="."]

[node name="Greet" type="Node3D" parent="Actions"]
script = ExtResource( 4 )

[node name="Greeting" type="AudioStreamPlayer3D" parent="Actions/Greet"]
transform = Transform3D( 1, 0, 0, 0, 1, 0, 0, 0, 1, 0, 1.51883, 0 )
stream = ExtResource( 2 )

[connection signal="body_entered" from="Area3D" to="." method="_on_Area_body_entered"]
[connection signal="body_exited" from="Area3D" to="." method="_on_Area_body_exited"]

[editable path="Body"]
